0.825853583181
0.907597201481
0.0764329611759
0.63286794127
0.581973421729
0.505366128248
0.195418202794
1.79403280628
0.543426417974
0.286318676715
0.719049688639
0.872018784908
-0.0178754585767
-0.177818891814
0.0614081198128
-0.121735189447
0.692717749818
1.47223091891
0.805127213502
0.256262192511
0.757057333797
0.931473968641
1.3966380776
0.364266565452
1.37412672116
0.831279794044
0.0344820835581
1.5222853889
0.00328720519457
0.443628259805
0.636465851102
-0.198479394726
1.72012499216
1.87705794615
0.11576658739
0.872289143208
-0.213998206763
-0.462133228566
-0.533803032269
0.0261678327536
1.32697667251
-0.236789336816
0.123947692389
-0.138210197302
0.0973012448063
0.171476753073
1.50164154568
0.261568265277
1.42881467195
1.36653921841
0.481636414091
-0.579098449491
1.47766414136
1.19253726892
0.394771920238
0.599841622015
0.366686733991
-0.235148280397
0.00113763451081
-0.0171112407186
0.73135040361
0.335997740203
0.167235927647
0.93132691387
-0.570608703115
-0.00162647653327
0.770622520398
0.847231176017
-0.931067506923
0.912018116164
0.709401685423
0.167215945131
0.399995912354
0.477421134049
0.647543015743
1.41370922848
0.921478751431
0.675857405994
-0.743695967612
0.716210404864
0.773817615215
0.685157112047
0.0291350690006
0.172658747569
0.949916461476
0.695600117917
0.654422659442
0.792759686339
0.378170565049
1.15125142982
1.03607195654
0.629733128867
0.681220717532
0.591271884724
0.0823749310144
0.564541831733
0.673293015497
-0.946821658041
0.456015150401
0.407413618715
